0	-1
-1	0
1	1
2,3	2
4	3
5	4
6	5,6
7	7
8	8,10
9	11
10	12
11	13,14
12	15
13	16,17
14	18
15	19
16	20
17	21,22
18,19	23,24
20,21	25,26
22	27
23,24	28,29
25,26	30,31
27,28	32,33
29	-1
30	-1
-1	34
-1	35
-1	36
-1	37
-1	38
31	39
32	40,41
33	42
34	43,45
35	46
36	47
37	48
38	49,50
39	51
40	52
41	53,55
42	56
43	57,58
44,45	59
46,47	60,62
48	63
49,50	64
51,52	65,68
53	69
54	70
55	-1
-1	71
56	72
57	73
58	74
59	75,76
60,61	77,79
62	80,81
63	82,83
64	84
65,66	85,86
67	87
68	88
69	89
70,71	90
72	91
73,74	92,94
-1	95
75	96
76	-1
77,80	97,102
81	103
-1	104
-1	105
82	106
83	-1
84	107
85,86	108,109
87,88	110
89	111
90	112,113
91	114
92,93	115,116
94	117
95	118,119
96	-1
97	120
-1	121
98	122
99	123
100	124,125
101	126
102	127
103	128,129
104	-1
105	130
-1	131
106	132
107,109	133,135
110	-1
111	136
-1	137
112	138
113	139
114	140
115	141,142
116	143,144
117,118	145
119	146
120	-1
121	147
-1	148
122,124	149,151
125	-1
126	152
-1	153
127	154
128	155
129,130	156
131,132	157,159
133	160,161
134	162
135	-1
136	163
-1	164
137	165,166
138,139	167,168
140	-1
141	169
-1	170
142	171
143	172
144	173
145,146	174,175
147	-1
148	176
149	-1
150	177
-1	178
151	179
152,153	180
154	181
155,157	182,185
158	186,188
159	189
160	-1
161	190
-1	191
162	192
163	193
164,165	194,195
166,167	196
168	197
169	-1
170	198
-1	199
171,172	200,201
173	-1
174	202
-1	203
175,176	204,205
177	206
178	207
179	-1
180	208
-1	209
181	210
182,184	211
-1	212
185	-1
186	213
-1	214
187	215
188	216,217
189	218
190	219
191	220
192	221
193	222
194,195	223,225
196	226
197	227
-1	228
-1	229
198	230,231
199	232,234
200	235,236
201	237,239
202	240,241
203	242,244
204	245
205,206	246,247
207	-1
208	248
-1	249
209	250,251
210,211	252
212,214	253
215	254
216,217	255
218	256,257
219	258,260
220	261
221	262,265
-1	266
222	267,268
223	-1
224	269
-1	270
225	271
226	272
227	273
228	274
229	275
230	-1
231	276
-1	277
232	278,280
233	281,282
234	-1
235	283
-1	284
236	285,286
237	287
238	288,289
239	-1
240	290
-1	291
241	292
242,243	293,295
244	296
245	297,298
246	299,300
247	301,302
248,249	303
250	-1
251	304
-1	305
252	306,307
253	308,309
254	310
255	-1
256	-1
257	311
-1	312
258,259	313,314
260,261	315
262	316
263	-1
264	317
-1	318
265	319,320
266	321
267	322
268	323,324
-1	325
269	326
270	-1
271	327,329
272	330,331
273	332,333
274	-1
-1	334
275	335
276	336,337
277	338,339
278	-1
279	340
-1	341
280	342,344
281	345
282	346
283	347
284	-1
285	348
-1	349
286,288	350
289	351,353
290	-1
291	354
292	355
293	-1
294	356
-1	357
295,296	358
297,299	359,362
300	363,364
301	-1
302	365
-1	366
303	367,370
304	371,372
305	373
306	374
307	375
308,309	376
310	377,378
311	379,380
312	381
313,314	382
315,316	383
317	384
318	385
319	-1
320	386
-1	387
321	388
322,323	389
324	390
325	391
326	392
327	-1
328	393
-1	394
329,333	395,397
334	-1
335	398
-1	399
336	400
337	401,402
338	-1
339	403
-1	404
340	405
341	406
-1	407
342	408
343,346	409,412
347	413
348	-1
349	414
-1	415
350	416
351	417,419
352,353	420,421
354	422
355	423,424
356	425
357	426
358	427
359	-1
360	428
-1	429
361	430
362	431,433
363	-1
364	434
-1	435
365,367	436
368	-1
369	437
-1	438
370	439
371	-1
372	440
-1	441
373,374	442
375,376	443
-1	444
377,378	445,446
379	-1
380	447
-1	448
381	449,450
382	451
383,384	452,455
385	456,457
386	458
-1	459
387	460
388	461
389	462
390	463
391	464
392	465
393,394	466
395	467
396,397	468,470
-1	471
398,399	472,473
400	474,476
401	477
402	478
403	479
404	480
405	481,483
406	484
407	485,486
408	487
409	488
410,412	489,490
413	491,493
414	494
415	495,496
416,417	497,498
418	499,500
419	501
420	502,503
421,422	504,507
423	508
424	-1
425	509
-1	510
426,427	511
428,429	512
430	513
431	-1
432	514
-1	515
433	516
434	517
435,436	518
437,438	519
439	520
440	521
441	-1
442	522
-1	523
443	524
444	525
445,446	526
-1	527
447,448	528,529
449	530,531
450	532
451	533
452	534
453	535
454	536,537
455	-1
456	538
-1	539
457	540,541
458	542
459	543
460,463	544,546
464	547,548
465	549
466	550
467	551
468	-1
469	552
470	553
471	554
472	555
473	556,557
474	558,560
475	561
476	562,564
477	-1
478	565
-1	566
479	567
480	568
481	569,572
482	-1
483	573
-1	574
484	575,576
485	577
486	578
487	579
488	580
489	581
490	582,583
491	584
492	585
493	-1
494	586
-1	587
495	588
496,497	589,590
498	591
499	592
500	-1
501	593
-1	594
502	595
503	596
504	-1
505	597
-1	598
506	599
507	600,601
508	602
509	-1
510	603
-1	604
511	605,607
512,513	608,610
514	-1
515	611
-1	612
516	613
517	614
518	615
519	616
520	617
521	618,619
522,523	620,621
524	622
525	-1
526	623
-1	624
527	625,626
528	627
529,531	628,631
532	632
533	633,635
534	636
535	637
536	-1
537	638
-1	639
538	640
539	641
540	-1
541	642
-1	643
542	644,647
543	648
544	649
545	-1
546	650
-1	651
547	652
548	653
549	654
550	655
551	656,657
552	658
553	659,664
554	665
555	666,668
-1	669
556	-1
-1	670
557	671
558	-1
559	672,673
560	674
561	675
562,563	676
564,565	677,679
566	680
567	681,683
568	684,685
569	686
570	687
571	-1
572	688
-1	689
573	690
574	691
575	692
576	693
577	694
578	695,696
579	697
580,581	698
582	699,704
583	705,707
584	708
585	-1
586	-1
587	-1
-1	709
-1	710
588	711
589	712,716
590	717
591	718
592	719,720
593	721,722
594	723,724
595	725,726
596	727
597	-1
598	728
-1	729
599	730
600	731,732
601,603	733,737
604	738,740
605	741
606	742
607	743,744
608	745
609	746,748
610	749,750
611,612	751,753
613,619	754,760
620	-1
621	761
-1	762
622	763
623,627	764,765
628,631	766,770
632	771
633	772
634	773
635	774,775
636	776,777
637	-1
638	778
-1	779
639	780
640	781,783
641,642	784,785
643	786,787
644	-1
645	788
-1	789
646	790
647,648	791,793
649	794
650	795,796
651,652	797
653,654	798,799
655	800
656,657	801,803
658,659	804,805
660	806
661,662	807,810
663,664	811,812
665	813,814
666	815,816
667,668	817,818
669	819,820
670,671	821,822
672,675	823,824
676	-1
677	825
-1	826
678	827,829
679	830
680,682	831
683	832
684	833
685	834
686	835,837
687	838
688	-1
689	839
-1	840
690	841
691	842,843
692	844
693	845,847
694	-1
695	848
-1	849
696,697	850
698	851
699	852,854
700	-1
-1	855
701	856
702	857,858
703	859,860
704	861
705	-1
706	862
-1	863
707,708	864
709	865,868
710	869
711,712	870
713	871,873
714	874
715	875
716	876
717	-1
718	877
-1	878
719	879,884
720	885,888
721	889,890
722	891,892
723,724	893
725	894,896
726	897
727	898,900
728	901
729	902
-1	903
730	904,905
731	906
732	907
733	908,910
734,736	911,912
737	913,914
738	915,916
739	917
740,741	918
742	-1
743	919
-1	920
744,745	921,922
746	923
747	924
748	925
749	926
750	927
751,752	928
753	929
-1	930
754	931
755,756	932,934
757	935
758,759	936
760	937
761	938
762	-1
763	939
-1	940
764	941,942
765	943
766	944
767,770	945,947
771	948,949
772	950
773,774	951,952
775	953
776	954
777	-1
778	955
-1	956
779,781	957,958
782	959
783	960
784	-1
785	961
-1	962
786	963,965
787	966
788,790	967,970
791	971
792	972,973
793	974
794	975,976
795	977
796,798	978,980
799	981,982
800	983
801	984
802	985
803	-1
804	986
-1	987
805	988
806,807	989,992
808	993
809	994,996
810	997
811	-1
812	998
-1	999
813	1000
814	1001
815,816	1002,1003
817,818	1004,1005
819	1006
820,821	1007
822	1008
823	-1
824	1009
-1	1010
-1	1011
825	1012
826	1013
827	1014,1015
828,829	1016,1017
830	1018
831	1019
832	1020
833	1021,1022
834	1023
835	1024
836	-1
837	1025
-1	1026
838	1027,1029
839,841	1030,1032
842,843	1033
844	1034
845	-1
846	1035
-1	1036
847	1037,1039
848	1040
849	1041
850,851	1042,1043
852	-1
853	1044
-1	1045
854	1046
855,856	1047,1049
857	1050,1051
858,859	1052
860	-1
861	1053
-1	1054
862	1055
863,864	1056
865	1057
866,867	1058
868	1059,1060
869	1061,1063
870	1064,1065
871	1066,1068
872	1069
873	1070
874	1071
875	1072
876,877	1073
878	1074
879	1075,1076
880,881	1077
882,883	1078
884	1079
885	1080
886	1081
887	1082
888	1083
889	1084
-1	1085
890	-1
891	1086
-1	1087
892,893	1088
894,896	1089,1091
897,898	1092,1093
899	1094
900	1095
901	1096
902	1097,1099
903	1100
904	1101
905	1102
906,907	1103
908	1104,1105
909	-1
-1	1106
-1	1107
910	1108
911,912	1109
913,914	1110,1111
915	1112,1113
916	1114
917	-1
918	1115
-1	1116
919	1117
920	1118
921,922	1119,1122
923	1123
924	-1
925	1124
-1	1125
926	1126
927	1127,1129
928	-1
929	1130
-1	1131
930	1132,1133
931	1134
932	1135
933	-1
934	1136
-1	1137
935	1138
936	1139
937	1140
938,939	1141,1142
940	-1
941	1143
-1	1144
942	1145,1146
943	1147,1148
944	1149
945	1150
946	1151
947	1152
948	1153,1154
949	1155,1156
950	1157
951	1158
952,954	1159,1160
955	-1
956	1161
-1	1162
957	1163,1164
958	1165
959	1166
960	1167
961	1168,1169
962	1170
-1	1171
963,965	1172,1173
966,967	1174,1175
968	1176
969	1177
970	1178
971	-1
972	1179
-1	1180
973	1181,1184
974	1185
975	1186
976,977	1187
978	1188
979	-1
980	1189
-1	1190
981	1191
982,984	1192,1194
985,986	1195
987	1196
988	1197
989,990	1198
991	1199
-1	1200
992	1201
993,994	1202
995	1203
996	1204
997	1205
998	1206,1207
999,1000	1208,1209
-1	1210
1001	1211
1002,1003	1212
1004	1213
1005	1214
1006	1215,1216
1007	1217
1008	-1
1009	1218
-1	1219
1010	1220,1221
1011	1222,1223
1012	1224
1013	1225
1014	1226
1015	1227
1016,1017	1228,1229
1018	1230,1231
1019	1232,1233
1020	1234
1021	1235,1236
1022	1237
1023	1238
1024	1239,1242
1025,1026	1243,1244
1027	1245,1246
1028	-1
1029	1247
-1	1248
1030	1249
1031	1250,1252
1032	1253
1033	1254,1255
1034	1256
1035	1257,1260
1036	1261,1262
1037	1263,1264
1038	1265,1267
1039	1268,1269
1040	1270
1041	1271,1272
1042	1273
1043	1274,1276
1044,1045	1277
1046	-1
1047	1278
-1	1279
1048	1280
1049	1281
1050,1051	1282,1285
1052	1286
1053	1287
1054	1288
1055	1289
1056	-1
1057	1290
-1	1291
1058	1292
1059	1293
1060	1294,1295
1061	1296,1297
1062	1298
1063	1299
1064	1300,1302
1065	1303,1305
1066,1067	1306,1308
1068	-1
1069	1309
-1	1310
1070,1071	1311,1312
1072	1313,1314
1073	1315
1074,1075	1316,1319
1076	1320
1077,1078	1321,1322
1079	1323,1324
1080	1325
1081	1326
1082	1327
1083	1328,1330
1084	1331
1085	1332
1086	1333,1335
1087	1336
1088	1337,1340
1089	1341,1342
1090	1343
1091	1344
1092	1345
1093	1346,1347
1094	1348,1349
1095	-1
1096	1350
-1	1351
1097	1352,1353
1098,1099	1354
1100	1355
1101	1356
1102	1357
1103	1358,1359
1104	1360,1361
1105	1362
1106,1107	1363
1108	1364
1109	1365,1367
1110	1368
1111	1369
1112	1370
1113	1371
1114	-1
1115	1372
-1	1373
1116	1374
1117	1375
1118	1376,1377
1119	1378
1120	1379
1121,1122	1380,1381
1123	1382
1124	1383
1125,1126	1384
1127	1385,1386
1128	1387
1129	1388
1130	1389
1131,1132	1390
1133	-1
1134	1391
-1	1392
1135,1136	1393
1137	1394
1138	1395
1139	1396
1140	1397,1398
1141	1399
1142	1400
1143	1401
1144	1402
1145,1146	1403,1404
1147	1405,1406
1148,1149	1407,1409
1150	1410
1151	-1
1152	1411
-1	1412
1153	1413
1154	1414
1155	1415
1156,1158	1416,1420
1159	-1
1160	1421
-1	1422
1161,1162	1423
1163	1424
1164	1425
1165	1426,1427
1166	1428
1167	1429,1430
1168	1431
1169	1432
1170,1172	1433
1173	1434
1174	1435
1175	1436
1176	1437
1177	1438
1178	-1
1179	1439
-1	1440
1180	1441,1442
1181	-1
1182	-1
1183	-1
1184	1443
1185	1444
1186	1445
1187	-1
1188	-1
1189	-1
1190	1446
1191	1447,1448
1192	1449
1193	1450,1451
1194	-1
1195	-1
1196	-1
1197	1452,1453
1198	1454
1199,1201	1455
1202	-1
1203	-1
1204	-1
1205	-1
1206	-1
1207	-1
1208	-1
1209	-1
1210	-1
1211	-1
1212	-1
1213	-1
1214	1456
1215	-1
1216	-1
1217	-1
1218	1457
1219	-1
1220	-1
1221	-1
1222	-1
-1	1458
1223,1224	1459
1225,1226	1460
1227	1461
1228	1462
1229	1463
1230	1464
1231,1232	1465
1233	-1
1234	1466
-1	1467
1235	1468
1236	1469,1471
1237	1472
1238	1473,1474
1239	-1
1240	1475
-1	1476
1241,1242	1477,1478
1243	1479
1244	1480
1245	1481
1246	-1
1247	1482
-1	1483
1248	1484,1485
1249	1486
1250	1487,1488
1251	1489,1490
1252	1491
1253	1492
1254	1493
1255	1494,1496
1256	1497
1257	1498
1258	1499,1500
1259	1501
-1	1502
1260,1261	1503
1262	1504
1263	1505
1264	1506,1507
1265,1266	1508,1509
1267	1510
1268	-1
1269	1511
-1	1512
1270	1513,1515
1271,1272	1516
1273,1274	1517,1518
1275	1519
1276	1520,1521
1277	1522
1278	1523,1524
1279	1525
1280,1281	1526
1282	-1
1283	1527
-1	1528
1284	1529,1532
1285,1286	1533,1535
1287	1536
1288	1537
1289	1538
1290	1539
1291	1540,1541
1292	1542,1547
1293,1294	1548,1549
1295,1296	1550,1554
1297	1555,1557
1298	-1
1299	1558
-1	1559
1300	1560
1301	1561
1302	1562,1563
1303	1564,1565
1304,1305	1566,1568
1306	1569,1570
1307	-1
1308	1571
1309	1572,1573
1310	1574
1311	1575,1576
1312	1577
1313	1578,1580
1314	1581,1582
1315	1583
1316,1317	1584
1318	1585,1586
1319,1322	1587,1591
1323	1592
1324	1593,1594
1325	1595,1596
1326,1327	1597
1328	-1
1329	1598
-1	1599
1330	1600
1331	1601
1332	1602
1333	1603,1604
1334	1605
1335	1606
1336	1607,1609
1337	1610,1611
1338	1612,1614
1339	-1
1340	1615
-1	1616
1341	1617
1342	1618
1343	1619,1621
1344	1622
1345	1623
1346	1624,1626
1347	1627
1348	1628
1349	1629
1350	1630
1351	1631
1352	1632,1633
1353	1634
1354	1635
1355	-1
1356	1636
-1	1637
1357	1638
1358	1639,1640
1359,1360	1641,1644
1361,1362	1645
1363	1646,1647
1364	1648
1365,1366	1649,1650
1367	1651,1652
1368	-1
1369	-1
-1	1653
-1	1654
-1	1655
-1	1656
-1	1657
1370	1658
1371	1659
1372	1660
1373	1661
1374	1662
1375,1376	1663,1664
1377,1378	1665
1379	1666
1380	-1
1381	1667
-1	1668
1382	1669
1383	-1
1384	-1
1385	-1
-1	1670
-1	1671
-1	1672
1386	1673
1387,1388	1674,1675
1389	1676,1678
1390	1679,1680
1391	1681
1392	-1
1393	1682
-1	1683
1394	1684
1395,1396	1685,1686
1397	1687
1398	1688
1399	1689,1690
1400	1691
1401	1692
1402,1404	1693,1695
1405	1696,1698
1406	1699
1407	-1
1408	1700
-1	1701
1409,1412	1702
1413	1703,1705
1414,1416	1706,1708
1417	1709
1418	1710
1419	1711
1420	1712
1421	1713
1422,1424	1714
1425,1426	1715
1427,1428	1716,1718
1429	1719
1430	1720
1431	1721
1432	1722
1433	1723,1724
1434	1725,1727
1435	1728,1729
1436	1730
1437,1438	1731
1439	1732,1733
1440	1734
1441	1735,1737
1442	1738
1443	1739
1444,1445	1740,1742
1446	1743
1447,1448	1744,1745
1449	1746,1747
1450,1453	1748,1751
1454,1455	1752
1456	-1
1457	1753
-1	1754
1458	1755
1459	1756
1460	1757
1461	1758
1462	1759
1463	1760
1464	1761
1465,1466	1762,1763
1467,1468	1764
1469	1765
1470,1471	1766,1768
1472	1769,1770
1473	1771
1474	1772
1475	1773
1476,1477	1774,1776
1478	1777
1479	-1
1480	1778
-1	1779
1481	1780
1482	1781
1483	1782,1783
1484	1784,1785
1485	1786,1787
1486	1788
1487	1789
1488	1790,1791
1489	1792
1490	1793
1491	1794
1492,1494	1795
1495	1796
1496,1497	1797,1798
1498	1799,1801
1499	1802,1803
1500,1501	1804,1806
1502	1807
1503,1504	1808,1809
1505	1810
1506	1811,1812
1507	1813
1508	1814
1509	1815
1510	1816
1511	1817
1512,1513	1818
1514	1819
1515	1820,1821
1516	-1
1517	1822
-1	1823
1518	1824,1825
1519	1826
1520	1827,1829
1521	1830
1522	1831
1523	1832
1524	1833,1834
1525	1835
1526	1836,1837
1527	1838
1528	1839
1529	1840
1530	1841
1531	-1
1532	1842
-1	1843
1533	1844
1534	1845
1535	1846
1536	1847,1849
1537	1850
1538	1851
1539,1540	1852,1853
1541	1854,1855
1542	1856
1543	-1
1544	1857
-1	1858
1545	1859,1861
1546	1862
1547	1863,1864
1548	1865
1549	1866
1550	1867
1551	1868
1552	1869,1870
1553,1554	1871,1872
1555,1556	1873
1557	1874
1558,1559	1875,1876
1560	-1
1561	-1
1562	-1
-1	1877
-1	1878
-1	1879
-1	1880
1563	1881
1564	1882,1885
1565	1886
1566	1887
1567	-1
1568	1888
-1	1889
1569	1890
1570,1571	1891,1892
1572	-1
1573	1893
-1	1894
1574,1576	1895,1897
1577	1898
1578	1899,1900
1579	1901
1580	1902
1581,1582	1903,1904
1583	1905,1907
1584	1908
1585	-1
1586	1909
-1	1910
1587	1911
1588,1589	1912,1913
1590	1914,1915
1591	-1
1592	1916
-1	1917
1593	1918,1920
1594	1921,1923
1595,1596	1924
1597	1925
1598,1600	1926
1601	1927
1602	1928
1603	-1
1604	1929
-1	1930
1605,1606	1931,1932
1607	1933
1608,1609	1934,1935
1610	1936
1611	-1
1612	1937
-1	1938
1613	1939
1614,1615	1940
1616	1941
1617	1942,1943
1618	-1
1619	1944
-1	1945
1620,1621	1946,1947
1622,1623	1948
1624	1949,1950
1625	1951
1626	1952
1627	1953,1954
1628	1955
1629	1956
1630,1631	1957
1632,1634	1958
1635,1636	1959
1637	-1
1638	1960
-1	1961
1639,1640	1962,1963
1641	1964
1642	1965
1643	1966,1967
1644	1968
1645	1969,1970
1646	1971
1647	1972
1648	1973
1649	1974
1650	-1
1651	1975
-1	1976
-1	1977
1652	-1
1653	1978
-1	1979
1654,1655	1980
1656	1981
1657	1982,1983
1658	1984
1659	1985
-1	1986
1660,1661	1987
1662	1988
1663	1989
1664	1990
1665	1991
1666	1992
1667	1993
1668	1994
1669	-1
1670	1995
-1	1996
-1	1997
1671	1998
1672	1999,2000
1673	2001,2002
1674,1675	2003
1676	2004
1677,1678	2005
1679	2006
1680	2007,2008
1681,1682	2009,2010
1683	2011
1684	-1
1685	2012,2014
1686	2015
1687	2016,2017
1688,1689	2018,2019
1690,1691	2020,2023
1692	-1
1693	-1
1694	-1
1695	-1
1696	-1
-1	2024
-1	2025
-1	2026
-1	2027
-1	2028
-1	2029
-1	2030
-1	2031
1697,1698	2032,2034
1699	2035,2036
1700	2037,2038
1701,1702	2039,2040
1703	2041
1704,1705	2042,2044
1706	2045,2046
1707	2047
1708	2048
1709,1710	2049,2051
1711	2052,2053
1712,1713	2054
1714	2055
1715	2056
-1	2057
1716	2058,2059
1717	-1
1718	2060
-1	2061
1719	2062
1720,1721	2063
1722	2064
1723	2065,2066
1724	2067
1725	2068
1726	2069
1727	2070
1728	2071
1729	2072,2073
1730	2074
1731,1732	2075,2076
1733	2077
1734	2078,2079
1735	2080
1736	2081
1737	2082
1738	2083
1739	2084
1740	2085,2086
1741,1742	2087
1743	2088
1744	2089
1745	2090
1746	2091
1747	2092
1748,1749	2093,2094
1750	2095
1751	2096,2098
1752	2099
1753	2100
1754	2101
1755	2102
1756	-1
-1	2103
1757,1758	2104,2105
1759	2106
1760	2107
-1	2108
1761	2109
1762,1763	2110,2111
1764,1765	2112,2114
1766,1767	2115
1768,1770	2116,2117
-1	2118
1771	2119
1772	2120
1773	-1
-1	2121
1774	2122
1775	2123
1776	2124
1777	2125,2126
1778	2127
-1	2128
1779	2129,2131
1780,1781	2132
1782	2133
1783	2134,2135
1784,1785	2136,2140
1786	-1
1787	2141
1788	2142,2145
1789	2146,2147
1790	2148
1791	2149
1792,1794	2150
1795	2151
-1	2152
1796,1797	2153,2154
1798	2155,2156
1799	2157
1800	2158,2159
1801	2160
-1	2161
1802,1803	2162
1804	2163
1805	2164,2165
1806	2166,2167
1807	2168
1808	2169
1809	2170
1810	2171
1811	2172
1812	2173
1813,1814	2174,2175
1815	2176
1816	2177
1817,1818	2178,2179
1819	2180,2182
1820	2183
1821	2184
1822	2185,2186
1823,1824	2187,2189
1825	2190
1826	2191
1827,1828	2192,2196
-1	2197
1829	2198,2200
1830,1831	2201
1832	2202,2204
1833	2205
1834	2206
-1	2207
1835,1836	2208,2211
1837	2212
1838,1839	2213,2215
1840,1841	2216,2219
1842	2220
1843	2221,2222
1844	2223,2226
1845	2227
1846,1847	2228,2230
1848	-1
1849	-1
-1	2231
-1	2232
1850	2233,2234
1851	2235
1852	-1
-1	2236
-1	2237
1853	2238
1854	2239
1855	2240
1856	2241,2242
1857,1858	2243,2244
1859	-1
1860	2245
1861	2246,2247
1862	2248
1863	2249
1864	2250
1865	2251
-1	2252
1866	2253,2255
1867	2256
-1	2257
1868,1869	2258
1870	2259
1871	2260,2263
1872	2264,2265
1873	2266,2270
1874	2271,2272
1875	2273
1876	2274
-1	2275
1877	-1
-1	2276
-1	2277
1878	2278
1879	2279
1880	2280
1881	2281
1882	2282
1883	2283
1884	2284,2285
1885	2286,2287
1886	2288
1887	2289
1888,1889	2290
1890	2291
1891	2292,2293
1892	2294
1893	2295,2297
1894	2298
1895	2299,2300
1896	2301,2302
1897,1898	2303
1899	2304,2305
1900,1901	2306
1902	2307
-1	2308
1903	2309
1904,1905	2310,2311
1906	2312
1907	2313,2314
1908	2315
1909	2316
1910	2317,2319
1911	2320
1912,1913	2321,2322
1914	-1
-1	2323
-1	2324
1915	2325,2326
1916	2327
1917	2328
1918	2329,2330
1919	2331,2332
1920	2333
1921,1922	2334,2335
1923	2336
1924	2337
-1	2338
1925	2339
1926	-1
-1	2340
-1	2341
1927	2342,2343
1928	2344
1929,1931	2345,2347
1932	2348,2349
1933	2350,2351
1934	2352
1935	2353,2354
1936	2355
1937,1938	2356
1939	2357
1940	2358
1941	2359,2360
1942	2361
1943	2362
1944	2363,2365
1945	2366,2367
1946	2368,2370
1947	2371
1948,1949	2372
1950	2373
1951	2374,2375
1952	2376
1953,1954	2377
1955	2378
1956	2379,2380
1957	2381
1958	2382,2385
1959	2386
1960	2387
1961	2388
1962,1963	2389
1964,1965	2390,2391
1966	2392
1967	2393,2395
1968	2396,2397
1969	2398
1970	2399
1971	2400
1972	2401,2403
1973	2404
1974	2405
1975	2406
1976	2407,2408
1977	2409,2410
1978	2411
1979	2412
1980	2413
1981	2414
1982	2415
1983	2416,2417
1984	2418
1985	2419
1986	2420
1987	2421
1988	2422,2423
1989	2424,2427
1990	2428
1991	2429,2430
1992	2431,2435
1993	2436
1994	2437
1995	2438
-1	2439
1996	2440
1997	2441
1998,1999	2442,2444
2000	-1
-1	2445
-1	2446
2001,2002	2447
2003	2448,2449
2004	2450
2005	2451
2006	2452,2453
2007	2454,2455
2008	2456
2009	2457
2010,2011	2458
2012	2459,2460
2013	2461
2014	2462
2015	2463
2016	2464
2017	2465,2466
2018	2467,2468
2019	2469,2471
2020	2472
2021	2473
2022	2474
2023	2475
2024	2476,2479
2025	2480,2481
2026	2482
2027	2483
2028	2484
2029	2485,2486
2030,2031	2487
2032	2488
2033	2489
2034	2490
2035	2491
2036	2492,2493
2037	2494,2495
2038	2496
2039	2497,2498
2040	2499
2041	2500
2042	2501
2043	2502,2503
2044	2504
2045	2505
2046,2047	2506,2508
2048	2509
2049	2510
2050	2511,2513
2051	2514,2515
2052	2516,2517
2053,2054	2518
2055	-1
-1	2519
2056	2520
2057	-1
-1	2521
-1	2522
-1	2523
-1	2524
2058,2059	2525,2526
2060	2527
2061	-1
2062	2528
-1	2529
2063	2530
2064	-1
2065	-1
2066	2531
2067	2532
2068	2533
2069	2534
2070	-1
2071	-1
-1	2535
-1	2536
2072	2537
2073	2538
2074	2539
2075	2540,2541
2076	2542
-1	2543
2077	2544,2545
2078	2546
2079	2547
2080	2548
2081	2549
2082	2550
2083	2551,2552
2084,2086	2553,2554
2087	2555
2088	2556,2559
2089	2560
2090	2561,2562
2091	2563
2092,2093	2564,2565
2094	2566
2095	2567
2096	2568
2097	2569,2570
2098	2571
2099	2572
2100	2573
-1	2574
2101,2102	2575
2103	2576
2104	2577
2105	2578
2106	2579
2107	2580
2108	2581,2582
2109	2583,2584
2110	2585
2111	2586
2112	2587
2113	2588
2114	2589
2115	2590,2595
2116	-1
2117	-1
2118,2119	2596
2120	2597
2121	2598
2122	2599
2123	2600,2601
2124	2602,2603
2125	2604,2606
2126	2607,2608
2127	2609
2128	2610
-1	2611
2129	2612,2613
2130	2614,2616
2131	2617,2618
2132	2619
2133	2620,2621
2134	2622,2625
2135,2137	2626,2627
2138	2628,2629
2139	2630,2631
2140	2632,2634
2141	2635
2142	2636,2637
2143	2638
2144	2639
-1	2640
2145	2641
2146	2642,2643
2147	2644,2646
2148	2647,2652
2149,2150	2653
2151	2654,2656
2152	2657
2153,2154	2658,2659
2155	2660
2156	2661,2663
2157	2664,2666
2158	2667
2159,2160	2668,2670
2161	2671
2162	2672
2163	2673,2674
2164	2675
2165	-1
-1	2676
2166	2677
2167	2678
-1	2679
2168	2680
2169	2681
2170	2682
2171	2683,2685
2172	2686
2173,2174	2687,2690
2175,2176	2691,2692
2177	2693,2694
2178	2695
2179	2696
2180	2697
-1	2698
2181	2699,2700
2182	2701,2702
2183	2703,2704
2184	2705,2707
2185	2708,2709
2186	2710,2713
2187	2714
-1	2715
2188	2716
2189,2190	2717,2720
2191	2721
2192	2722
2193,2195	2723,2726
2196	2727
2197	2728
2198	2729
2199	2730
2200	2731
-1	2732
2201	2733,2737
2202	-1
-1	2738
-1	2739
-1	2740
-1	2741
2203	2742,2746
2204	2747
2205	2748,2751
2206	2752,2753
2207	2754
2208	2755
2209	2756,2757
2210	2758
2211	2759
2212	2760
2213	2761,2762
2214	2763
2215	2764
2216	2765,2768
2217	2769,2770
2218	2771,2772
2219	2773
2220	2774
2221	2775
2222	2776,2777
2223	2778,2779
2224,2226	2780,2783
2227	2784
2228	2785,2786
2229	2787,2788
2230,2231	2789,2790
2232	2791,2793
2233	2794
2234	2795
2235	2796
2236	2797,2798
2237	-1
2238	-1
2239	-1
-1	2799
-1	2800
-1	2801
-1	2802
2240	2803,2804
2241	2805
2242	2806
2243	2807
2244,2245	2808,2809
2246	2810
2247,2248	2811,2813
2249	2814,2815
2250	2816
2251	2817
2252	2818
2253	2819
2254	2820,2821
2255	2822,2823
2256	2824,2825
2257	2826
2258	2827
2259	2828
2260	-1
2261	-1
-1	2829
-1	2830
2262	2831
-1	2832
2263	2833
-1	2834
-1	2835
2264,2265	2836,2849
2266	2850,2854
2267	2855,2856
2268	2857,2861
2269,2271	2862,2865
2272	2866
2273	2867
-1	2868
2274	2869
2275	2870,2872
2276	2873,2874
2277	2875,2876
2278	2877
-1	2878
2279	2879
2280	2880,2882
-1	2883
2281	2884,2885
2282	2886,2888
-1	2889
2283	2890
2284	2891,2892
2285	2893,2894
2286	2895,2896
-1	2897
2287	2898
2288	2899,2901
2289	2902,2904
-1	2905
2290	2906
2291	2907
2292	2908,2910
2293	2911,2913
2294	2914,2915
2295	2916,2919
2296	2920
2297	2921
2298	-1
2299	2922,2923
2300	2924
2301	2925,2926
-1	2927
2302,2305	2928,2934
2306	-1
2307	2935,2936
-1	2937
2308,2309	2938,2941
2310	2942,2943
2311	2944,2946
2312	2947
2313	2948,2950
2314	2951
2315	2952,2954
2316,2317	2955,2956
-1	2957
2318	2958
2319	2959,2962
2320	2963
2321	2964,2965
2322	2966
2323	-1
-1	2967
2324	2968
2325	-1
-1	2969
-1	2970
2326	2971,2973
2327	2974
2328	2975
2329	2976,2978
2330	2979
2331	2980,2982
2332	2983
2333	2984
2334,2335	2985
2336	2986
2337,2338	2987,2988
2339	2989
2340	2990
2341,2342	2991,2993
2343	2994,2996
2344	2997,2999
2345	3000
2346	3001,3002
2347,2348	3003,3005
2349	3006,3007
2350	3008
2351	3009
2352	3010
2353	3011
2354	3012,3014
2355	3015,3016
2356	3017,3018
2357	3019
2358,2360	3020,3021
2361	3022
2362	3023
2363	3024
2364,2365	3025
2366	3026
2367	3027
2368	3028
2369	3029,3030
2370	3031,3032
2371	3033,3034
2372	3035
2373	3036
2374	3037
2375	3038
2376,2377	3039,3040
2378	3041
2379	3042,3043
2380	3044
2381	3045
2382	3046,3048
2383	3049,3050
2384	3051,3052
2385	3053,3054
2386,2387	3055
2388	3056
2389	3057,3058
2390	3059
2391,2392	3060,3061
2393	3062
2394	3063
2395	3064
2396	3065
2397	3066
2398	3067
2399,2401	3068,3070
2402	3071,3072
2403	3073
-1	3074
2404	3075
2405	3076,3077
2406	3078,3080
2407	3081,3082
2408	3083,3084
2409	3085
2410	-1
-1	3086
-1	3087
-1	3088
-1	3089
-1	3090
-1	3091
-1	3092
-1	3093
2411	3094
2412	3095,3096
2413	3097
2414	3098,3099
2415	3100
2416	3101,3102
2417	3103
2418	3104
2419	3105
2420	3106
2421	3107
2422	3108
2423	3109
2424	3110
2425	3111
2426	3112
2427	3113
2428	3114
2429	3115
2430,2432	3116,3117
2433	3118
2434	3119
2435,2436	3120,3121
2437	3122
2438	3123,3124
2439,2440	3125
-1	3126
2441	3127,3128
2442	3129
2443	3130
2444	3131
2445	3132
2446	3133,3134
2447	3135
2448	3136
2449	3137
2450	3138,3139
2451,2452	3140,3141
2453	3142,3143
2454	3144,3146
2455	3147,3148
2456	3149
2457	3150,3151
2458,2459	3152
2460,2462	3153,3154
2463	3155
2464	3156
2465	3157
2466	3158
2467	3159
2468	3160
2469	3161,3162
2470	-1
-1	3163
-1	3164
2471	3165,3166
2472	3167
2473	3168,3171
2474,2476	3172,3173
2477	3174
2478	3175,3176
2479	3177
2480	3178,3180
2481	3181
-1	3182
-1	3183
-1	3184
-1	3185
2482,2483	3186
2484	3187
2485	3188,3189
2486	3190
2487	3191
-1	3192
2488	3193
2489,2490	3194
2491	3195
2492,2493	3196,3197
2494	3198,3199
2495	3200
2496	-1
2497,2498	3201
2499	-1
2500,2501	3202,3203
2502,2503	3204,3206
2504	3207
2505,2506	3208
2507,2508	3209
2509	3210
2510	3211,3212
2511	3213
2512	3214
2513	3215
2514,2515	3216
2516	3217,3218
2517	3219,3220
2518	-1
-1	3221
-1	3222
-1	3223
-1	3224
-1	3225
2519	3226,3227
2520	3228,3229
2521	3230
2522	3231,3232
2523,2524	3233,3234
2525	3235,3237
2526	3238
2527	3239,3242
2528	3243
-1	3244
2529	3245,3246
2530	3247,3248
2531	3249,3250
2532	3251
2533	3252
2534	3253,3254
2535	3255
2536,2537	3256,3258
2538	3259,3262
2539,2540	3263,3264
2541	3265,3266
2542	3267
2543	3268,3269
2544	3270,3271
2545	3272
2546	3273,3275
2547	3276
2548	3277
2549	3278,3279
2550,2552	3280,3283
2553	3284
2554	3285
2555,2556	3286,3287
2557	3288,3290
2558	3291
2559	3292
2560	3293
-1	3294
2561	3295,3297
2562	3298,3299
2563	3300
2564	3301
2565	3302
2566	3303
2567,2568	3304
2569	3305
2570	3306
2571,2572	3307
2573	3308
2574	3309
2575	3310
2576	3311
2577	3312,3314
2578	3315
2579	3316,3317
2580	3318
2581,2582	3319
2583,2584	3320
2585	3321
2586	3322,3324
2587	3325
2588	3326
2589	3327,3328
2590	3329,3330
2591	3331,3332
2592	3333
2593	3334
2594	3335,3336
2595	3337
2596	3338,3340
2597	3341
2598,2599	3342
2600	3343,3344
2601	3345,3346
2602	3347
2603,2604	3348,3350
2605	3351,3352
2606	-1
2607	3353
-1	3354
2608	3355
2609,2610	3356,3357
2611	3358
2612,2613	3359,3360
2614	3361
2615	3362,3364
2616	3365
2617	3366,3367
2618	3368
2619	3369,3370
2620	3371,3372
2621	3373
2622	-1
2623	3374
-1	3375
2624	3376
2625	3377
2626	3378
2627	3379,3381
2628	3382
2629	3383,3384
2630	3385,3386
2631	3387
2632	3388,3389
2633	3390
2634	3391
2635	-1
2636	3392
-1	3393
2637	3394
2638	3395,3397
2639	3398
2640	3399
2641	3400
2642,2643	3401
2644	3402
2645	3403,3404
2646	3405,3407
2647	3408
2648	3409
2649	3410
2650	3411
2651	-1
2652	3412,3422
2653,2654	3423,3425
2655	3426,3427
2656	3428
2657	-1
2658	3429
-1	3430
2659	3431
2660	3432,3433
2661	3434,3435
2662	3436
2663	3437
2664,2665	3438,3439
2666	3440
2667	3441,3442
2668	3443,3444
2669	-1
2670	3445
-1	3446
2671	3447,3448
2672	3449
2673	3450
2674	3451,3452
2675	3453,3454
2676	-1
2677	3455
-1	3456
2678,2679	3457,3459
2680	3460,3461
2681	3462
2682,2683	3463
2684	3464,3465
2685	3466,3467
2686	3468,3469
2687	3470,3471
2688	3472
2689	3473
2690	3474
2691	-1
2692	3475
-1	3476
2693,2694	3477,3479
2695	3480
2696,2697	3481,3482
2698	3483
2699	3484
2700	3485,3486
2701	3487,3489
2702	3490
2703	3491
2704	-1
2705	3492
-1	3493
2706	3494,3495
2707	3496
2708	3497
2709,2710	3498,3499
2711	3500
2712	3501
2713	3502
2714	-1
2715	3503
-1	3504
2716	3505
2717	3506,3507
2718	3508
2719	3509,3510
2720	3511,3512
2721	3513,3514
2722	3515
2723	3516
2724	3517
2725	3518
2726	3519,3520
2727	3521,3522
2728	3523
2729,2730	3524,3525
2731	3526
2732,2733	3527,3528
2734,2735	3529
2736	3530,3531
2737	3532
2738	3533
2739	3534,3535
2740	3536
2741	3537
2742	3538
2743	-1
2744	3539
-1	3540
2745	3541,3543
2746	3544
2747	3545
2748	3546
2749	3547
2750	3548
2751	3549
2752	-1
2753,2754	3550,3551
2755	3552,3553
2756	3554
2757	3555
2758	3556
2759	3557
2760	3558,3559
2761	3560
2762	3561
2763	3562,3563
2764,2766	3564,3565
2767	3566
2768	3567
2769	3568
2770	3569,3571
2771	3572,3573
2772	-1
2773	3574
-1	3575
2774	3576,3577
2775	3578,3579
2776	3580
2777	3581,3582
2778	3583
2779	3584
2780	3585,3586
2781	3587,3588
2782	3589,3590
2783	3591
2784	-1
2785	3592
-1	3593
2786	3594
2787	3595,3596
2788	3597
2789	3598
2790	3599
2791,2792	3600,3602
2793	3603,3605
2794	3606,3607
2795	3608
2796	3609
2797	3610,3611
2798	3612,3615
2799	3616,3618
2800	3619,3620
2801	3621
2802	3622,3623
2803	3624
2804	-1
2805	3625
-1	3626
2806	3627
2807	3628,3630
2808	3631
2809	3632
2810	3633
2811	-1
2812	3634
-1	3635
2813	3636
2814	3637
2815	3638
2816	3639
2817	3640
2818	3641
2819	3642
2820	3643
2821	3644,3645
2822	3646,3647
2823	3648
2824	3649
2825	3650,3651
2826	-1
2827	3652
-1	3653
2828	3654,3655
2829	3656
2830	3657
2831	3658
2832	3659
2833	3660,3662
2834,2835	3663,3664
2836	3665
2837	3666
2838	-1
2839	3667
-1	3668
2840	3669,3670
2841	3671,3673
2842	3674,3675
2843	3676
2844	3677,3678
2845	3679
2846	3680
2847	3681,3682
2848	3683,3684
2849	-1
2850	3685
-1	3686
2851	3687
2852	3688
2853	3689
2854	3690,3691
2855	3692
2856	3693,3695
2857,2858	3696,3697
2859	3698
2860	-1
2861	3699
2862	3700
2863	3701
2864	3702
2865	3703
2866	3704,3706
2867	3707,3709
2868	3710,3711
2869,2870	3712,3714
2871	3715,3716
2872	3717,3718
2873	3719,3721
2874,2875	3722,3725
2876	3726
2877	3727,3729
2878	-1
2879	3730
-1	3731
2880	3732,3734
2881	3735,3736
2882	3737,3740
2883	3741
2884	-1
2885	3742
-1	3743
2886	3744,3745
2887	3746,3748
2888	3749,3750
2889	-1
2890	3751
-1	3752
2891	3753
2892	3754,3755
2893	3756,3759
2894	3760,3761
2895	3762
2896	-1
2897	3763
-1	3764
2898	3765,3767
2899	3768,3769
2900	3770,3771
2901	3772,3775
2902	3776
2903	3777
2904	-1
2905	3778
-1	3779
2906	3780,3783
2907	3784
2908,2909	3785,3789
2910	3790
2911	3791,3792
2912	3793
2913	3794
2914	3795
2915	3796
2916	-1
2917	3797
-1	3798
2918	3799,3800
2919,2920	3801,3802
2921	3803
2922	3804,3805
2923	3806,3807
2924	3808
2925	-1
2926	3809
-1	3810
2927	3811
2928	3812,3816
2929	3817,3819
2930	3820
2931	3821
2932	3822,3823
2933	3824
2934	3825
2935	3826,3828
2936	3829
2937	3830,3831
-1	3832
2938,2939	3833,3835
2940	3836,3838
2941	3839
2942	3840
2943	3841
2944	3842,3843
2945	3844,3846
2946	3847
2947	3848,3849
2948	3850
2949	3851
2950,2951	3852
2952	3853
2953	-1
2954	3854
-1	3855
2955	3856,3859
2956	3860,3862
2957	3863
2958	3864
2959,2960	3865
2961	3866
2962	3867,3868
2963	3869,3870
2964	3871,3872
2965	3873,3874
2966,2968	3875,3879
2969	3880,3882
2970	-1
2971	3883
-1	3884
2972	3885,3888
2973	3889
2974	3890
2975,2976	3891,3894
2977	3895,3896
2978	3897
2979	-1
2980	3898
-1	3899
2981,2982	3900
2983	3901
2984	3902
2985	3903,3904
2986	3905
2987	3906
2988	-1
2989	3907
-1	3908
2990	3909
2991	3910,3911
2992	3912
2993	3913
2994	3914,3916
2995	-1
-1	3917
-1	3918
2996,2997	3919
2998,2999	3920,3921
3000	3922,3924
3001	3925
3002	3926,3927
3003,3004	3928,3932
3005	3933
-1	3934
3006	3935
3007	3936
3008	3937
3009	3938
3010	-1
-1	3939
3011	3940,3943
3012	3944,3945
3013	3946,3947
3014	3948,3949
3015	-1
3016	3950
-1	3951
3017	3952
3018	3953,3954
3019	3955
3020	3956
3021	3957
3022	3958
3023	3959
3024	3960,3962
3025	3963
3026	3964,3965
3027	3966
3028	3967
3029	3968
3030	3969
3031	3970,3972
3032	3973,3974
3033	3975
3034,3035	3976
3036	3977
3037	3978
3038	3979,3980
3039	3981,3982
3040	3983
3041	-1
3042	-1
-1	3984
-1	3985
-1	3986
3043	3987,3988
3044	3989
3045	3990
3046	3991
3047,3048	3992
3049	3993
3050	3994
3051	-1
3052	3995
-1	3996
3053	3997,3999
3054	4000,4001
3055	4002,4005
3056	4006
3057	4007,4009
3058	4010
3059	4011
3060	-1
3061	4012
-1	4013
3062	4014,4015
3063	4016
3064	4017
3065	4018
3066	4019
3067	4020,4022
3068	4023
3069	4024
3070	4025
3071	4026
3072	4027,4028
3073	4029,4030
3074	4031
3075	4032
3076,3078	4033,4035
3079	4036
3080	-1
3081	4037
-1	4038
3082	4039
3083	4040
3084	4041,4042
3085	4043,4045
3086	-1
3087	4046
-1	4047
3088,3090	4048,4050
3091	4051
3092	4052
3093,3095	4053,4054
