0	-1
1	0,1
2	2,3
3	4,5
4	6,7
5	8,9
6	10,11
7	12,13
8	14,15
9	16
10	17,18
11	19,20
12	21,22
13	23,24
14	25
15	26
16	27,28
17	29,30
18,19	31,33
20,21	34,35
22	36
23,24	37,38
25,26	39,40
27,28	41,42
29	-1
30	-1
31	43
32	44,46
33	47,48
34	49,52
35	53,54
36	55,56
37	57
38	58,59
39	60,61
40	62,63
41	64,67
42	68
43	69,70
44	71,73
45,46	74
47	75,77
48	78,79
49,50	80
51	81
52	82,87
53	-1
-1	88
54	89
55	-1
56	-1
-1	90
57	91
58	92,93
59	94
60,63	95,99
64	100
65,66	101,103
67	104,105
68,69	106
70,71	107
72	108,109
73	110,112
74	113
75	-1
76	-1
-1	114
77,81	115,123
82	-1
83	-1
84	124,126
85,86	127
87	128,130
88	131
89	132
90	133,134
91	135
92	136
93	137
94	138,139
95	140
96	-1
97	141
98	142
99	143
100	144,145
101	146
102	147
103	148,149
104	-1
105	150
106	151
107,109	152,154
110	-1
111	155
112	156
113	157
114	158,159
115,116	160,161
117,118	162,163
119	164
120	-1
121	-1
122,124	165,167
125	-1
126	168
127	169
128	170
129,130	171,172
131,134	173,177
135	-1
136	-1
-1	178
137	179,180
138,139	181,183
140	-1
141	184
142,143	185
144	186
145,147	187,188
148	189
149	-1
150	-1
151	190
152	191
153	192,193
154	194
155,157	195,197
158	198,200
159	201
160	-1
161,163	202,203
164	204
165	205
166	206
167	207
168	208
169	-1
170	-1
-1	209
-1	210
171,172	211,213
173	-1
174	-1
-1	214
175,176	215,217
177	218
178	219
179	-1
180	-1
181	220,221
182,183	222
184	223
-1	223
185	-1
186,187	224,226
188	227,228
189	229,230
190,191	231
192	232
193	233
194,195	234,235
196	236
197	237
198	238
199	239,242
200	243
201	244,247
202	248
203	249,251
204	252
205	253
206	254
207	-1
208	255
209	256,258
210	259
211	260
212	261
213,214	262
215	263
216,217	264,265
218	266,267
219,220	268,271
221	272,277
-1	278
222	279,280
223	-1
224	-1
225	281,282
226,227	283
228	284
229	285
230	-1
-1	286
231,232	287,291
233	292,293
234	-1
235	-1
-1	294
236	295,297
237	298
238	299,300
239	-1
240	301
241	302,303
242	304,305
243,244	306
245	307
246	308,309
247	310,311
248	312
249	313
250	-1
251,252	314,316
253	317,318
254	319
255	-1
256	-1
257	-1
-1	320
258,259	321,322
260,261	323
262	324
263	-1
264	-1
-1	325
265	326,328
266	329
-1	330
267	331
268	332
269	-1
270	333
271	334,336
272	337
273	338,339
274	-1
-1	340
-1	340
275	341
276	342,343
277	344,345
278	-1
279	-1
280	346,347
281,282	348,349
283	350,352
284	-1
285	-1
286	353,355
287,288	356,357
289	358,359
290	-1
-1	360
291,292	361,362
293	-1
294	-1
295	363,364
296	365
297,298	366,368
299	369
300	370,371
301	-1
302	372
303	373,375
304	376,377
305	378
306	379,380
307	381
308	-1
309	382
310,311	383,384
312	385
313	386
314	387
315,316	388
317	389
318	390
319	-1
320	-1
-1	391
321	392
322,323	393,394
324,325	395,396
326	397,398
327	-1
328	-1
-1	399
329,331	400,404
332	405
333	406
334	-1
335	-1
-1	407
336	408,410
337	411
338	-1
339	412
340	413,414
341	415,417
342	-1
343	-1
-1	418
344,345	419,420
346	421,422
347	423
348	-1
349	-1
-1	424
350	425
351	426
352,354	427
355	428,429
356,357	430
358	431,432
359	-1
360	-1
-1	433
361	434
362	435
363	-1
364,365	436,437
366	438
367	439
368	-1
369	-1
-1	440
370	441,444
371	-1
372	-1
-1	445
373,375	446,447
376	448
377,378	449,450
379	-1
380	-1
381	451,454
382	455,456
383,384	457,458
385	459
386	460
-1	461
387	462
388	463
389	464
390	465,466
391,392	467
393,394	468,469
395	470
396,397	471,473
398,399	474
400	475,477
401	478
402	479
403,404	480,481
405	482,484
406,407	485,486
408	487
409	488
410,411	489,491
412	492
413	493,494
414	495
415	496
416	497
417	498
418	499
419	500
420	501,503
421,422	504,505
423	506
424	-1
425	507
426,427	508
428	509
429	510
430	511
431	-1
432	-1
433,434	512,513
435,436	514,515
437,438	516
439,440	517
441	-1
442	518
443,444	519
445,446	520
447,448	521,522
449	523
450	524
451	525
452	526
453	527
454	528
455	-1
456	-1
-1	529
457	530,531
458,459	532
460	533
461,462	534,536
463	537
464,465	538,541
466	542
467	543
468	544
469,470	545
471	546
472	547
473	548,549
474	550,553
475	554
476	555,556
477	-1
478	-1
479,480	557,558
481	559,560
482	-1
483	-1
-1	561
484	562
485	563,565
486	566,567
487	568,570
488	571
489	572
490	573,574
491	575
492	576
493	-1
494	-1
495	577
496,497	578,579
498	580
499	581
500	-1
501	-1
-1	582
502	583
503	584,585
504	-1
505	586
506	587
507	588,589
508	590
509	-1
510	-1
-1	591
511	592,596
512,513	597,599
514	-1
515	-1
-1	600
516	601
517	602
518	603
519	604
520	605
521	606,607
522,523	608
524	609,610
525	-1
526,527	611,614
528	615
529,531	616,618
532	619
533	620,625
534,535	626
536	-1
537	-1
-1	627
538	628,629
539	630
540	-1
541	-1
-1	631
542	632,634
543	635
544	636
545	-1
546	-1
-1	637
547	638,639
548	640
549	641
550	642
551	643,644
552	645
553	646,648
554	649
555	650,652
556	-1
557	-1
558	-1
-1	653
559,560	654,655
561,563	656,658
564,565	659,662
566	663,665
567	666
568	667,668
569	669
570	670
571	-1
572	-1
-1	671
573	672
574	673
575	674,675
576	676
577	677
578	678,680
579	681
580,581	682,683
582	684,686
583	687,692
584	693,694
585	-1
586	-1
587	-1
-1	695
588	696
589	697,699
590	700
591,592	701,702
593	703
594	704
595,596	705,706
597	-1
598	-1
599	707,708
600	709
601,603	710,712
604	713,714
605	715
606	716
607,608	717
609	718,720
610	721,722
611,619	723,729
620	-1
621	730
622,626	731,735
627	736
628,631	737,739
632	740
633	741
634	742
635	743
636	744
637	-1
638	-1
-1	745
639	746,748
640	749,751
641,642	752,753
643	754,757
644	-1
645	758
646	759,762
647,648	763,767
649	768
650	769,770
651,652	771,772
653,654	773,774
655	775
656,657	776,778
658,659	779,781
660	782,783
661,662	784,789
663	790
664	791
665	792,794
666	795,796
667,668	797,799
669	800,801
670,671	802,803
672,675	804,808
676	-1
677	809
678	810,812
679,681	813,815
682	816
683	817
684	818
685	819
686	820,823
687	824
688	-1
689	-1
-1	825
690,691	826,827
692	828
693	829,830
694	-1
695,697	831,832
698	833,834
699	835
700	-1
-1	836
701	837
702	838
703	839,840
704	841
705	-1
706	-1
707	842,843
708	844,845
709	846,849
710	850,851
711	852
712	853
713	854,855
714	856
715	857
716	858
717	-1
718	-1
719	859,862
720	863,866
721,722	867,869
723,724	870,871
725	872
726	873
727,728	874
729	875,876
-1	877
-1	877
730,731	878,880
732	881
733	882,884
734,736	885,887
737	888,889
738	890
739	891
740,741	892
742	-1
743	-1
744,745	893,894
746	895
747	896
748	897
749	898
750	899
751	900
-1	900
752	901
753	902
754	-1
755	-1
756	903,906
757	907
758	908,909
759	910,911
760	912
761	913
762	-1
763	-1
-1	914
764	915
765	916
766	917
767,768	918,920
769,770	921
771	922
772	923
773,774	924,925
775,776	926,927
777	-1
778	-1
-1	928
779	929
780	930
781	931
782	932
783	933,934
784	-1
785	-1
-1	935
786	936,937
787	938
788,791	939,942
792	943,944
793	945
794	946,947
795,798	948,950
799,800	951,952
801	953
802	954
803	-1
804	-1
-1	955
805	956
806	957,958
807	959
808	960
809	961,962
810	963,965
811	-1
812	-1
-1	966
813	967
814	968,969
815	970
816	971
817	972
818	973
819	974
820,821	975
822	976
823	-1
824	-1
-1	977
-1	978
825	979
826	980
827	981
828	982
829	983
830	984
831,832	985,986
833	987
834,835	988,989
836	-1
837	-1
-1	990
838	991,992
839	993
840,842	994,995
843,844	996,998
845	-1
846	-1
847,848	999,1003
849	1004
850	1005,1006
851	1007
852	-1
853	-1
-1	1008
854	1009
855	1010,1011
856	1012
857	1013
858,859	1014
860	-1
861,862	1015,1017
863	1018
864	1019
865	1020
866,867	1021
868	1022,1023
869	1024,1025
870,871	1026,1028
872	1029
873	1030
874,875	1031
876	1032
877,878	1033
879	1034
880,881	1035
882	1036
883	1037
884	1038
885	-1
886,887	1039,1041
888	1042
889	1043,1044
890	-1
891	1045
892,898	1046,1054
899	1055
900	1056,1057
901	1058
902	1059
903	1060,1061
904,905	1062
906	1063
907	1064
908	1065,1066
909	-1
910	-1
911	1067
912	1068
913,914	1069
915	1070,1071
916	1072
917	-1
918	-1
-1	1073
919	1074
920	1075,1076
921,922	1077,1078
923	1079,1081
924	-1
925	1082
926	1083
927	1084,1086
928	-1
929	-1
-1	1087
930	1088,1089
931	1090
932	1091,1092
933	-1
934	-1
-1	1093
-1	1094
935	1095,1096
936	1097,1098
937	1099,1100
938,939	1101,1102
940	-1
941	-1
942	1103,1104
943	1105,1107
944	1108
945,946	1109,1111
947	1112,1113
948	1114,1115
949	1116,1117
950	1118
951	1119,1120
952	1121
953	-1
954	1122,1123
955	-1
956	-1
957	1124,1125
958	1126
959	1127
960	1128
961	1129
962,964	1130,1131
965,966	1132,1133
967,968	1134
969,970	1135,1136
971	-1
972	-1
973	1137,1139
974,975	1140
976,977	1141,1142
978	1143
979	-1
980	-1
-1	1144
981	1145,1146
982,983	1147,1149
984	1150
985,986	1151
987	1152
988	1153
989	1154
990,991	1155
992	-1
993	-1
-1	1156
994	1157,1158
995	1159
996	1160
997	1161
998	1162,1163
999,1000	1164,1166
1001	-1
1002	-1
1003	-1
1004	-1
1005	1167
1006	1168,1169
1007	1170
1008,1010	1171,1173
1011	1174,1175
1012,1013	1176,1177
1014	1178
1015	1179
1016,1017	1180,1181
-1	1180
-1	1181
1018	1182,1183
1019,1020	1184,1185
1021	1186
1022	1187,1188
1023	1189
1024	1190,1191
1025,1026	1192,1194
1027	1195,1197
1028	-1
1029	1198
1030	1199,1200
1031	1201,1204
1032	1205,1206
1033	1207,1208
1034	1209
1035	1210,1213
1036	1214,1215
1037	1216
1038	1217,1218
1039	1219,1220
1040	1221
1041	1222
1042	1223,1224
1043	1225,1226
1044,1045	1227,1228
1046	-1
1047	-1
1048	1229
1049	1230
1050,1051	1231,1235
1052	1236
1053	-1
1054	1237,1238
1055	1239,1240
1056	-1
1057	1241
1058	1242,1243
1059	1244
1060	1245,1246
1061	1247,1248
1062	1249
1063	1250
1064	1251,1252
1065	1253,1255
1066,1067	1256,1257
1068	-1
1069	-1
-1	1258
-1	1259
1070,1071	1260,1261
1072	1262,1263
1073	1264
1074,1075	1265,1270
1076	1271
1077	1272
1078	1273,1274
1079	1275,1277
1080	1278
1081	1279,1280
1082	1281,1282
1083	1283
1084	1284
1085	1285
1086	1286,1288
1087	1289,1290
1088	1291,1293
1089	1294,1295
1090	1296
1091,1092	1297
1093	1298,1299
1094	1300,1301
1095	-1
1096	-1
-1	1302
1097	1303
1098,1099	1304
1100	1305
1101	1306
1102	1307
1103	1308
1104	1309,1311
1105	1312,1313
1106,1107	1314,1315
1108	1316
1109	1317,1319
1110	1320,1321
1111,1112	1322
1113	1323
1114	-1
1115	1324
1116,1118	1325,1328
1119	1329,1330
1120,1122	1331,1333
1123	1334
1124	1335
1125,1126	1336
1127	1337
1128,1129	1338,1339
1130	1340
1131,1132	1341,1342
1133	-1
1134	-1
-1	1343
1135,1136	1344,1345
1137	1346,1347
1138	1348
1139	1349,1350
1140,1141	1351,1353
1142	1354
1143	1355
1144	1356
1145	1357,1358
1146	1359
1147	1360,1362
1148	1363,1364
1149	1365
1150	1366
1151	-1
1152	-1
-1	1367
1153	1368
1154	1369,1370
1155	1371
1156,1158	1372,1375
1159	-1
1160	-1
-1	1376
1161	1377
1162	1378
1163	1379,1380
1164	1381
1165	1382
1166	1383
1167	1384
1168	1385
1169	1386
1170,1172	1387
1173	1388
1174	1389
1175	1390
1176	1391
1177	1392,1393
1178	-1
1179,1180	1394,1395
1181	-1
1182	-1
1183	-1
1184,1186	1396,1397
1187	-1
1188	-1
1189	-1
1190	-1
1191,1192	1398
1193	1399,1400
-1	1399
-1	1400
1194	-1
1195	-1
1196	-1
1197	1401
1198	-1
-1	1402
1199	1403
1200	1404
1201	-1
1202	-1
1203	-1
1204	-1
1205	-1
1206	-1
1207	-1
1208,1210	-1
1211	-1
1212	-1
1213	-1
1214	-1
1215	-1
1216	-1
1217	-1
-1	1405
-1	1406
1218	1407
1219	-1
1220	-1
1221	-1
1222	-1
1223	-1
1224	-1
1225,1226	1408,1410
1227	-1
1228	-1
1229	-1
1230	1411
1231,1232	1412,1413
1233	-1
1234	-1
1235	1414
1236	1415,1416
1237	1417,1419
1238	1420,1421
1239	-1
1240	-1
-1	1422
1241,1243	1423,1425
1244,1245	1426
1246	-1
1247	-1
-1	1427
1248	1428,1430
1249	1431
1250	1432,1433
1251	1434
1252	1435
1253	1436
1254	1437,1438
1255	1439,1440
1256	1441
1257	1442
1258	1443
1259	-1
-1	1444
1260	1445
1261,1264	1446,1449
1265,1266	1450,1451
1267	1452
1268	-1
1269	-1
-1	1453
1270	1454,1455
1271,1272	1456
1273,1274	1457,1459
1275	1460
1276	1461
1277,1278	1462
1279,1280	1463
1281	1464
1282	-1
1283,1284	1465,1466
1285,1286	1467,1468
1287	1469
1288,1289	1470
1290,1291	1471,1473
1292	1474,1476
1293	1477,1478
1294	1479
1295,1296	1480,1482
1297	1483
1298	-1
1299	1484
1300,1301	1485,1486
-1	1487
1302	1488
1303	1489
1304,1305	1490,1491
1306	1492,1493
1307	-1
1308,1309	1494,1495
-1	1496
1310	1497,1498
1311	1499,1500
1312,1313	1501,1504
1314,1315	1505,1507
1316,1317	1508
1318	1509
1319,1322	1510,1516
1323	1517
1324	1518
1325	1519,1520
1326,1327	1521,1522
1328	-1
-1	1523
1329,1330	1524
1331	1525
1332,1333	1526
1334	1527
1335	1528
1336	1529,1530
1337	1531
1338	1532
1339	-1
1340	-1
1341	1533,1534
1342	1535
1343	1536,1537
1344	1538
1345,1347	1539,1542
1348	1543
1349	1544,1545
1350	1546
1351	1547
1352	1548
1353	1549
1354	-1
1355	-1
1356	1550
1357	1551,1552
1358	1553,1554
1359,1360	1555,1556
1361,1362	1557
1363	1558,1560
1364	1561
1365,1366	1562
1367	1563,1567
1368	-1
1369	-1
-1	1563
-1	1564
-1	1565
-1	1566
-1	1567
-1	1563
-1	1564
-1	1565
-1	1566
-1	1567
1370	1568
1371	1569
1372	1570
1373	1571
1374	1572
1375	1573
1376	1574
1377,1378	1575
1379	1576
1380	-1
1381	1577
1382	1578
1383	-1
1384	-1
1385	-1
-1	1579
-1	1580
-1	1581
1386	1582,1584
1387,1388	1585,1586
1389	1587,1588
-1	1588
1390	1589
1391	1590
1392	-1
1393	-1
-1	1591
1394	1592
1395,1396	1593,1594
1397	1595
1398	1596
1399	1597,1598
1400	1599
-1	1600
1401	1601,1602
1402,1403	1603
1404	1604
1405	1605,1606
1406	1607
1407	-1
1408	1608
1409,1410	1609,1611
1411	-1
1412	1612
1413	1613,1615
1414,1415	1616
1416	1617
1417	1618,1619
1418	1620
1419	1621
1420	1622
1421	1623
1422,1424	1624,1625
1425	1626
1426	1627
1427,1428	1628,1631
1429	1632,1633
1430	1634
1431	1635
1432	1636,1637
1433	1638
1434	1639
1435	1640,1642
1436	1643
1437,1439	1644,1645
1440	1646
1441	1647,1648
1442	1649
1443	1650
1444,1445	1651,1654
1446	1655
1447,1449	1656,1659
1450,1453	1660,1661
1454	-1
1455	-1
1456	-1
1457	-1
1458	1662
1459	1663
1460	1664
1461	1665
1462	1666
1463,1466	1667,1670
1467,1468	1671
1469	1672
1470,1471	1673,1675
1472	1676
1473	1677
1474	1678
1475	1679
1476,1477	1680,1681
1478	1682
1479	-1
1480	1683
1481	1684
1482	1685,1686
1483	1687,1688
1484	1689,1690
1485	1691
1486	1692
1487	1693
1488	1694,1695
1489	1696
1490	1697
1491	1698
1492,1494	1699
1495	1700
1496,1497	1701,1702
1498	1703,1704
1499	1705,1706
1500,1501	1707,1709
1502	1710,1711
1503,1504	1712
1505	-1
1506	1713,1715
1507	1716,1717
1508	1718
1509,1510	1719,1720
1511	1721
1512,1513	1722
1514	1723
1515	1724
1516	-1
1517	-1
-1	1725
1518	1726
1519	1727
1520	1728,1730
1521	1731,1732
1522,1523	1733
1524	1734,1735
1525,1526	1736,1737
1527	1738
1528	1739
1529	1740
1530	1741
1531	-1
1532	-1
-1	1742
1533	1743
1534,1535	1744
1536	1745
1537,1538	1746
1539,1540	1747,1748
1541	1749
1542	1750,1751
1543	-1
1544	-1
-1	1752
1545	1753,1754
1546	1755
1547	1756,1757
1548,1549	1758
1550	1759
1551	1760
1552	1761,1762
1553,1554	1763,1764
1555	1765
1556	1766
1557	1767,1768
1558,1559	1769
1560	-1
1561	-1
1562	-1
-1	1770
-1	1771
-1	1772
-1	1773
-1	1774
-1	1775
1563	1776
1564	1777,1779
1565	1780
1566	1781
1567	-1
1568	1782
1569	1783
1570	1784,1785
1571	1786
1572	-1
1573	-1
1574	1787
1575	1788
1576	1789,1790
1577	1791
1578	1792,1793
1579,1581	1794,1795
1582	1796
1583,1584	1797,1799
1585	-1
1586	1800
1587	1801
1588,1589	1802,1803
1590	1804
1591	-1
1592	1805
1593	1806,1809
1594	1810,1811
1595,1596	1812,1813
1597,1598	1814,1815
1599,1600	1816
1601	1817
1602	1818
1603	-1
1604	1819
1605,1606	1820,1821
1607	1822
1608,1609	1823
1610	1824
1611	-1
1612	-1
-1	1825
1613	1826,1827
1614	1828
1615,1616	1829
1617	1830,1831
1618	-1
1619	1832
1620,1621	1833,1834
1622	1835
1623	1836
1624	1837,1838
1625	1839
1626	1840
1627	1841
1628	1842
1629	1843
1630	1844
1631	1845
1632	1846
1633	1847
1634	1848
1635,1636	1849,1850
1637	-1
1638	-1
1639	1851,1852
1640	1853
1641	1854
1642	1855
1643,1644	1856
1645	1857
1646,1647	1858
1648	1859,1860
1649	1861
1650	-1
1651	1862
-1	1863
-1	1864
-1	1863
-1	1864
1652	-1
1653	-1
-1	1865
1654,1655	1866
1656	1867
1657	1868,1869
1658	1870,1871
1659	1872
1660,1661	1873,1874
1662	1875
1663	1876
1664	1877
1665	1878
1666	1879
1667	1880,1881
1668	1882
1669	-1
1670	1883,1884
-1	1883
-1	1884
-1	1883
-1	1884
1671	1885,1886
1672	1887,1888
1673	1889,1890
1674,1675	1891
1676	1892
1677,1678	1893,1894
1679	1895
1680	1896,1897
1681,1682	1898,1900
1683	1901
1684	-1
1685	1902,1905
1686	1906,1907
1687	1908,1909
1688,1689	1910,1911
1690,1691	1912,1913
1692	-1
1693	-1
1694	-1
1695	-1
1696	-1
-1	1914
-1	1915
-1	1916
-1	1917
-1	1918
-1	1919
-1	1920
1697,1698	1921,1923
1699	1924,1925
1700	1926,1927
1701,1702	1928,1929
1703,1705	1930,1933
1706	1934
1707	1935
1708	1936
-1	1937
1709,1710	1938,1941
1711	1942,1943
1712,1713	1944,1946
1714	-1
1715	1947,1948
-1	1947
-1	1948
1716	1947,1948
1717	-1
1718	1949
1719	1950,1951
1720	1952
1721	1953
1722	1954
1723	1955
1724,1725	1956
1726	1957
-1	1958
1727	1959
1728	1960
1729	1961
1730	1962
1731,1732	1963,1964
1733	1965,1966
1734	1967
1735	1968
1736	1969
1737	1970
1738	1971
1739	1972,1973
1740	1974,1975
1741,1742	1976,1977
1743	1978
1744,1745	1979
1746	1980
1747	1981
1748,1749	1982,1983
1750	1984
1751	1985,1986
1752	1987
-1	1988
-1	1989
1753	1988,1989
1754	1990
1755	-1
1756	-1
-1	1991
1757,1758	1992,1994
1759	1995,1996
1760	1997
1761,1763	1998,1999
1764,1765	2000,2001
1766	-1
1767	-1
1768	-1
1769,1770	-1
1771	-1
1772	-1
1773	-1
1774	-1
1775	-1
1776	2002,2003
1777	2004
1778	-1
1779	2005,2006
1780,1781	2007,2008
1782	2009
1783	2010,2011
1784,1785	2012,2015
1786	-1
1787	2016
1788	2017,2019
1789	2020,2021
1790	2022
1791	2023
1792,1793	2024
1794	2025
1795	-1
-1	2026
1796,1797	2027,2028
1798	2029
1799	2030
1800	2031,2033
1801	-1
-1	2034
1802,1803	2035
1804	2036
-1	2036
1805	2037
1806	2038,2039
1807	2040,2041
1808	2042
1809	2043,2045
1810	2046
1811	2047,2048
1812	2049
1813	2050
1814	2051,2052
1815	2053
1816	2054,2055
1817	2056
1818	2057,2059
1819	2060,2062
1820	2063,2065
1821	2066
1822	2067,2069
1823,1824	2070,2072
1825	2073
1826,1828	2074,2081
-1	2075
-1	2076
-1	2077
-1	2078
-1	2079
-1	2080
-1	2081
1829	2082,2084
1830	2085,2087
1831	2088
1832	2089,2090
1833	2091,2092
1834	-1
-1	2093
1835,1836	2094,2095
1837	2096
1838,1839	2097,2098
1840,1841	2099,2101
1842,1844	2102,2106
1845	2107
1846,1847	2108,2109
1848	-1
1849	-1
-1	2110
-1	2111
-1	2112
-1	2113
1850	2110,2113
1851	2114,2115
1852	-1
1853	-1
1854	-1
1855	-1
1856	-1
1857	-1
1858	-1
1859	-1
1860	2116,2118
1861	2119,2120
1862,1863	2121,2122
1864	2123
1865	2124
1866	2125,2127
1867	-1
1868,1869	2128,2130
1870,1871	2131,2132
1872	2133
1873,1874	2134,2136
1875	2137
1876	2138
-1	2139
1877	-1
-1	2140
1878	2141,2142
1879	2143
1880	2144
1881	2145
1882,1883	2146
1884	2147,2148
1885	2149
1886	2150
1887	2151
1888	2152
1889	2153
1890	2154
1891	2155,2156
1892	2157
1893	2158,2159
1894	2160,2161
1895	2162,2165
1896	2166,2167
1897,1898	2168
1899	2169,2171
1900	2172
1901	2173
1902	2174
1903	2175
1904,1905	2176,2177
1906	2178
1907	2179
1908	2180
1909	2181
1910	2182,2183
1911	2184,2185
1912,1913	2186,2187
1914	-1
-1	2188
1915	2189,2190
1916	2191,2192
1917,1918	2193,2196
1919	2197
1920	2198,2200
1921,1922	2201,2202
1923	2203
1924	2204
1925	2205
1926	-1
-1	2206
-1	2207
-1	2208
-1	2206
-1	2207
-1	2208
1927,1928	2206,2208
1929,1931	2209,2211
1932	2212,2213
1933	2214,2215
1934	2216
1935	2217
1936	2218
1937	2219
1938	2220
1939,1940	2221,2222
1941,1942	2223,2224
1943	2225
1944	2226
1945	2227,2228
1946	2229,2230
1947	2231,2232
1948,1949	2233
1950	2234
1951	2235
1952	2236
1953	2237
1954	2238
1955,1957	2239,2240
1958	2241,2243
1959	2244
1960	2245
1961	2246
1962	-1
1963	-1
1964	-1
1965	-1
1966	2247
1967	2248
1968	2249,2250
1969	2251
1970	2252
1971,1972	2253,2254
1973	2255
1974	2256
1975	2257
1976	2258,2260
1977	2261,2262
1978	2263
1979	2264
1980	2265
1981	2266
1982	2267
1983	2268
1984	2269
1985	2270
1986	2271,2272
1987	2273
1988	2274,2275
1989	2276,2277
1990,1991	2278,2279
1992	2280,2281
1993	2282
1994	2283
1995	-1
1996	2284,2285
1997	2286
1998,1999	2287,2288
2000	-1
-1	2289
-1	2290
-1	2291
-1	2292
-1	2293
-1	2294
-1	2295
-1	2296
-1	2297
-1	2298
-1	2289
-1	2290
-1	2291
-1	2292
-1	2293
-1	2294
-1	2295
-1	2296
-1	2297
-1	2298
2001	2299
2002	2300
2003	2301,2303
2004	2304
2005	2305
2006	2306
2007,2008	2307
2009	2308
2010,2011	2309
2012,2013	2310
2014	2311
2015	2312
2016	2313
2017	2314
2018	2315,2316
2019	2317,2319
2020,2021	2320
2022	2321
2023	2322
2024	-1
2025	2323
2026	2324,2325
2027	2326
2028	2327
2029	2328
2030,2031	2329,2330
2032,2033	2331
2034	2332
2035,2036	2333
2037	2334
2038,2042	2335,2338
2043	2339,2341
2044	2342
2045	2343
2046,2047	2344,2345
2048	2346
2049	2347
2050	2348,2349
2051	2350,2351
2052	2352,2353
2053	-1
2054	-1
2055	-1
2056	-1
2057	-1
2058	-1
2059	-1
2060	-1
2061	-1
2062	-1
2063	-1
2064,2065	-1
2066	-1
2067	-1
2068	-1
2069	-1
2070	-1
2071	-1
2072	-1
2073	-1
2074	-1
2075	-1
2076	-1
-1	2354
2077	2355,2356
2078	2357
2079,2080	2358
2081	2359
2082	2360
2083	2361
2084	2362,2363
2085,2086	2364,2365
2087	2366
2088	2367
2089	2368
2090	2369
2091	2370
2092,2093	2371,2372
2094	2373
2095,2096	2374
2097	2375,2376
2098	2377
2099	2378
2100	-1
2101	2379,2381
2102	2382
2103	2383,2384
2104	2385
2105	2386,2387
2106,2107	2388,2390
2108	2391
2109	2392,2393
2110,2111	2394,2395
2112	2396
2113,2114	2397,2398
2115	2399,2400
2116	-1
2117	-1
-1	2401
-1	2402
2118,2119	2403
2120,2121	2404,2405
-1	2406
2122	2407,2408
2123	2409,2410
2124	2411,2412
2125	2413
2126	2414,2416
2127	2417,2418
2128	-1
-1	2419
2129	2420,2422
2130	2423,2424
2131	2425,2426
2132	2427
2133	2428
2134	2429,2431
-1	2432
2135	2433
2136,2137	2434
2138	2435,2436
2139	2437,2438
2140	2439
2141	2440
2142	2441,2443
2143	2444
2144	-1
-1	2445
2145	2446,2447
2146	2448
2147	2449,2451
2148	2452,2454
2149	2455
2150	2456
2151,2152	2457,2459
2153	2460
2154	2461
2155	2462
2156	2463
2157	2464
2158	2465
2159,2160	2466,2467
2161	2468,2469
2162	2470,2471
2163	-1
2164	-1
2165	-1
-1	2472
2166	2472,2473
2167	-1
-1	2474
2168	2475
2169,2170	2476
2171	2477
2172	2478
2173,2174	2479,2480
2175	2481
2176	2482
2177	2483
2178	2484
2179	2485
2180	-1
2181	2486,2487
2182	2488
2183	2489,2490
2184,2185	2491,2493
2186	2494,2495
2187	-1
2188	2496,2497
2189,2190	2498,2500
2191,2192	2501
2193,2195	2502,2504
2196	2505
2197	2506
2198	2507,2508
2199	2509
2200	-1
-1	2510
2201	2511,2513
2202	-1
-1	2514
-1	2515
-1	2516
-1	2517
-1	2518
2203	2519,2522
2204	2523
2205	2524,2526
2206	2527
2207	2528,2530
2208	2531
2209	2532
2210	2533,2534
2211,2212	2535,2536
2213	2537,2538
2214	2539
2215	2540
2216	2541,2542
2217	2543,2545
2218	2546
2219	2547
2220	2548,2550
2221	2551,2552
2222	2553,2554
2223,2224	2555,2558
2225,2228	2559,2564
2229	2565,2566
2230	2567
2231	2568
2232	2569,2570
2233	2571
2234	2572
2235	2573
2236	2574
2237	-1
2238	-1
2239	-1
-1	2575
-1	2576
-1	2577
-1	2578
-1	2579
2240	2580,2581
2241	2582
2242	2583
2243	2584
2244,2245	2585,2586
2246	2587
2247,2248	2588
2249	2589,2591
2250	2592
2251	2593
2252	2594
2253	2595
2254	2596
2255	2597
2256	2598,2600
2257,2258	2601
2259	2602,2603
2260	-1
2261	-1
2262	2604
2263	-1
-1	2605
-1	2606
-1	2607
-1	2608
-1	2609
-1	2610
-1	2611
-1	2612
-1	2613
-1	2614
-1	2615
2264,2265	2607,2620
2266	2621,2624
2267	2625
2268	2626,2628
2269,2271	2629
2272	2630
2273	2631
2274	2632
2275	2633,2635
2276	2636
2277	2637,2638
2278	2639
2279	2640
2280	2641,2642
2281	2643,2644
2282	2645,2646
2283	2647
2284	2648
2285	2649,2650
2286	2651
2287	2652
2288	2653
2289	2654
-1	2655
2290	2656
2291	2657
2292	2658
2293	2659,2660
2294	2661,2662
2295	2663,2664
2296,2297	2665
2298	-1
2299	2666,2667
2300	2668
2301	2669
2302	2670,2673
2303	-1
2304	-1
2305	2674,2675
2306	-1
-1	2674
-1	2675
2307	2676
2308	2677
2309	2678,2680
2310	2681,2684
2311,2312	2685,2688
2313	2689,2691
2314	2692
2315	2693,2695
2316	2696,2697
2317,2318	2698,2699
2319	2700,2702
2320	2703
2321	2704
2322	2705,2707
2323	-1
-1	2705
-1	2706
-1	2707
2324	2705,2707
2325	-1
-1	2708
2326	2709,2712
2327	2713
2328	2714
2329	2715,2716
2330	2717
2331	2718,2719
2332	2720
2333,2334	2721
2335	2722
2336,2339	2723
2340	2724
2341,2342	2725,2727
2343	2728,2729
2344	2730,2731
2345	2732
2346	2733,2735
2347,2348	2736
2349	2737,2739
2350	2740
2351,2352	2741,2742
2353	2743
2354	2744,2745
2355	2746
2356	2747
2357	2748,2750
2358	2751
2359,2360	2752
2361	2753
2362,2363	2754,2755
2364,2365	2756
2366	2757
2367	2758
2368	2759
2369	2760,2762
2370	2763,2764
2371	2765,2766
2372	2767
2373	2768
2374	2769
2375	2770
2376	2771
2377,2378	2772
2379	2773
2380	2774
2381	2775
2382	2776,2777
2383,2384	2778
2385	2779
2386,2387	2780
2388	2781
2389	2782,2783
2390	2784
2391	2785
2392	2786
2393	2787
2394	2788
2395	2789
2396,2397	2790
2398	2791
2399,2402	2792,2796
2403	-1
-1	2797
2404	2798
2405	2799,2800
2406	2801,2802
2407	2803,2811
2408	2812,2813
2409	2814
2410	-1
-1	2815
-1	2816
-1	2817
-1	2818
2411	2819
2412	2820
2413,2414	2821
2415	2822
2416	2823
2417	2824
2418	2825
2419	2826
2420	2827
2421	2828,2829
2422	2830
2423	2831
2424	2832
2425,2426	2833,2835
2427,2428	2836,2837
2429	-1
2430,2431	2838
2432,2434	2839,2841
2435,2436	2842,2843
2437	2844
2438	2845,2846
2439,2440	2847,2848
-1	2847
-1	2848
2441	2847,2849
2442	2850
2443	2851
2444	2852
2445	2853
2446,2447	2854,2855
2448	2856,2857
2449,2450	2858,2859
2451	2860
2452	2861,2862
2453	2863
2454	2864
2455	2865
2456,2459	2866,2867
2460,2461	2868,2869
2462,2463	2870
2464	2871
2465	2872,2873
2466	2874
2467	2875
2468	2876
2469	2877
2470	-1
2471	2878,2879
2472	2880
2473	2881,2882
2474,2475	2883
2476	2884
2477	2885
2478	2886,2887
2479	2888
2480	2889
2481	2890
-1	2891
-1	2892
2482,2483	2891,2892
2484	2893
2485	2894
2486,2487	2895,2896
2488	-1
2489,2490	2897
2491	2898,2899
2492	2900
2493	2901
2494	2902,2903
2495	2904
2496	-1
2497,2498	2905,2906
2499	-1
2500,2501	2907,2908
2502,2503	2909,2910
2504	2911
2505,2506	2912
2507	2913
2508	2914,2915
2509	2916
2510	2917
2511	2918
2512	2919
2513	2920
2514	2921
2515	2922
2516	2923
2517	2924
2518	-1
-1	2925
-1	2926
-1	2927
-1	2928
2519	2929,2930
2520	2931,2933
2521	2934
2522	2935
2523,2524	2936
2525	2937
2526,2527	2938,2939
2528	2940
-1	2941
-1	2942
-1	2943
-1	2944
-1	2942
-1	2943
-1	2944
2529	2942,2944
2530,2531	2945,2946
2532	2947
2533	2948
2534	2949,2950
2535	2951
2536,2537	2952
2538	2953,2958
2539,2540	2959,2963
2541	2964,2965
2542	2966
2543	2967,2968
2544	2969,2970
2545	2971
2546	2972,2974
2547	2975
2548	2976
2549	2977,2978
2550,2551	2979,2981
2552	2982,2983
2553	2984,2985
2554	2986
2555	2987,2988
2556	2989
2557,2558	2990,2993
2559	-1
2560	-1
-1	2994
2561	2995,2998
2562	2999,3000
2563	3001
2564	3002
2565	3003,3004
2566	3005
2567,2568	3006,3007
2569	3008
2570	3009
2571	3010
2572	3011
2573	3012
2574	3013
2575	3014
2576,2578	3015,3017
2579	3018,3019
2580	-1
2581	3020
2582	3021
2583,2584	3022
2585	3023
2586	3024,3025
2587	3026
2588	3027
2589	3028
2590	3029,3030
2591	3031,3033
2592	3034
2593	3035
2594	3036
2595	3037
2596	3038
2597	3039
2598,2599	3040
2600	3041,3043
2601	3044
2602	3045
2603	3046
2604	3047,3048
2605	3049,3050
2606	-1
2607	-1
2608	3051,3052
2609,2610	3053,3054
2611	3055
2612	3056
2613	3057
2614	3058,3059
2615	3060,3062
2616,2617	3063,3064
2618	3065
2619	3066
2620	3067
2621	3068
2622	-1
2623	-1
-1	3069
2624	3070
2625	3071,3072
2626	3073
2627,2628	3074,3075
2629	3076,3077
2630	3078,3079
2631	3080
2632	3081,3082
2633	3083
2634	3084
2635	-1
2636	-1
-1	3085
2637	3086
2638	3087,3088
2639	3089,3090
2640	3091
2641	3092,3093
2642,2643	3094
2644,2645	3095,3097
2646	3098
2647,2649	3099,3100
2650	3101
2651	-1
-1	3102
-1	3103
-1	3104
-1	3105
-1	3106
2652	3102,3106
2653,2654	3107,3108
2655	3109
2656	3110
2657	-1
2658	3111
2659	3112
2660	3113
2661,2662	3114,3115
2663	3116
2664,2665	3117
2666	3118
2667	3119
2668	3120
2669	-1
2670	3121
2671	3122,3123
2672	3124
2673	3125
2674	3126,3127
2675	3128,3129
2676	-1
2677	3130
2678,2679	3131,3132
2680	3133,3134
2681,2682	3135,3136
2683	3137
2684	3138,3139
2685	3140,3141
2686	3142
2687	3143
2688	3144
2689	3145
2690	3146
2691	-1
-1	3147
-1	3148
2692	3149
2693,2694	3150
2695	3151
2696	3152
2697	3153,3156
2698	3157
2699	3158
2700	3159,3160
2701	3161,3162
2702	3163
2703	3164
2704	-1
2705	3165
2706	3166,3167
2707	3168,3169
2708	3170
2709,2710	3171,3172
2711	3173,3174
2712	3175,3176
2713	-1
2714	-1
-1	3177
2715	3178
2716,2717	3179,3180
2718	3181
2719	3182
2720	3183
2721	3184
2722	3185
2723	3186
2724	3187
2725	3188
2726	3189
2727	3190
2728	3191
2729,2730	3192
2731,2733	3193
2734,2735	3194
2736	3195,3196
2737,2739	3197,3198
2740	3199,3200
2741	3201,3202
2742	3203
2743	-1
2744	3204
2745	3205,3206
2746	3207
2747	3208
2748,2749	3209
2750	3210
2751	3211
2752	-1
2753,2754	3212
2755	3213
2756	3214
2757,2758	3215
2759	3216,3217
2760	3218,3220
2761	3221,3222
2762	3223
2763	3224,3225
2764,2765	3226,3227
2766	3228
2767	3229
2768	3230
2769	3231
2770	3232
2771	3233
2772	-1
2773	3234
2774	3235
2775	3236
2776	3237
2777	3238,3239
2778,2779	3240,3241
2780	3242
2781	3243,3244
2782	3245,3246
2783	3247
2784	-1
2785	-1
-1	3248
2786	3249
2787,2788	3250,3252
2789	3253
2790	3254
2791,2792	3255,3257
2793,2794	3258
2795	3259
2796,2797	3260,3261
2798	3262
2799	3263,3264
2800	3265,3267
2801	3268
2802	3269
2803	3270
2804	-1
2805	-1
-1	3271
2806	3272
2807	3273
2808	3274
2809,2810	3275,3276
2811	-1
2812	3277
2813	3278
2814,2815	3279
2816	3280
2817	3281,3282
2818	3283
-1	3283
2819	3284,3285
2820	3286
2821	-1
2822	3287
2823,2824	3288
2825	3289,3290
2826	-1
2827	3291
2828	3292
2829,2830	3293
2831,2832	3294
2833	3295
2834,2835	3296,3297
2836	3298,3299
2837	3300,3301
2838	-1
2839	3302
2840	3303
2841	3304,3305
2842,2844	3306,3309
2845	3310
2846	3311
2847	3312,3314
2848	3315,3316
2849	-1
2850	3317
2851	3318
2852,2853	3319
2854	3320
2855	3321
2856	3322,3323
2857,2859	3324
2860,2863	3325,3327
2864	3328
2865	3329
2866,2867	3330,3332
2868	3333
2869,2870	3334,3335
2871	3336,3337
2872	3338
2873	3339,3340
2874,2875	3341
2876	3342
2877	3343,3345
2878	-1
2879	-1
-1	3346
2880	3347,3348
2881,2882	3349,3354
2883	3355,3356
2884	-1
2885	3357
2886	3358,3363
2887	3364,3365
2888	3366,3367
2889	-1
2890,2891	3368,3369
2892	3370,3371
2893	3372,3374
2894	3375,3376
2895	3377,3378
2896	-1
2897	-1
-1	3379
2898	3380
2899	3381,3382
2900	3383,3384
2901,2902	3385,3386
2903	3387
2904	-1
2905	-1
-1	3388
2906	3389,3391
2907	3392
2908	3393
2909	3394,3397
2910	3398,3399
2911	3400
2912	3401
2913	3402
2914	3403
2915	3404,3405
2916	-1
2917	-1
-1	3406
2918	3407
2919,2920	3408,3409
2921	3410
2922	3411,3412
2923	3413
2924	3414
2925	-1
2926	3415
2927	3416
2928	3417,3420
2929	3421,3422
2930	3423
2931	3424,3425
2932	3426,3428
2933	3429
2934	3430
2935	3431,3433
2936	3434,3435
2937	3436,3438
2938,2939	3439,3442
2940	3443,3446
2941	3447,3448
2942,2944	3449,3451
2945	3452
2946	3453
2947	3454,3455
2948	3456
2949	3457,3458
2950	3459
2951	3460
2952	3461
2953	-1
2954	3462
2955	3463,3467
2956	3468,3470
2957	3471,3472
2958	3473
2959	3474
2960	3475
2961	3476
2962	3477
2963	3478
2964	3479
2965	3480,3481
2966,2968	3482,3485
2969	3486,3487
2970	-1
2971	3488
2972	3489,3490
2973	3491
2974	3492,3494
2975	3495,3497
2976	3498,3500
2977	3501
2978	3502
2979	-1
2980	3503
2981,2984	3504,3506
2985,2986	3507,3508
2987	3509
2988	-1
2989	3510
2990	3511
2991	3512,3513
2992	3514
2993	3515,3516
2994	3517,3518
2995	-1
-1	3519
-1	3520
2996	3520
2997	3521
2998,3000	3522,3523
3001	-1
3002	3524
3003,3004	3525,3526
3005	3527,3528
-1	3529
3006,3007	3530
3008,3009	3531
3010	-1
3011,3012	3532
3013,3014	3533,3536
3015	-1
3016	-1
-1	3537
3017	3538
3018	3539,3540
3019	3541
3020	3542,3543
3021	3544
3022	3545,3546
3023	3547
3024	3548,3549
3025	3550,3551
3026	3552,3554
3027,3028	3555
3029,3030	3556,3557
3031	3558
3032	3559,3560
3033	3561
3034,3035	3562
3036	3563
3037	3564
3038	3565
3039,3040	3566,3567
3041	-1
3042	-1
-1	3568
-1	3569
3043	3570,3571
3044,3047	3572,3576
3048,3049	3577
3050	3578
3051	-1
3052	3579
3053	3580,3582
3054	3583
3055,3056	3584,3586
3057	3587
3058	3588
3059	3589
3060	-1
3061	3590
3062	3591
3063	3592
3064	3593
3065	3594
3066,3067	3595
3068,3069	3596
3070	3597,3598
3071	3599
3072	3600,3601
3073	3602
3074,3075	3603
3076	3604
3077,3078	3605,3606
3079	3607
3080	-1
3081,3082	3608,3609
3083,3084	3610
3085	3611,3612
3086	-1
3087	3613
3088	3614
3089,3090	3615,3617
3091	3618
3092	3619
